seq8 Step 681 0;
seq7 Step 661 0;
seq6 Step 585 0;
seq5 Step 292 0;
seq4 Step 981 0;
seq3 Step 307 0;
seq2 Step 201 0;
seq1 Step 321 0;
ChoixAubio 0 16 0 0 0 0 0 0 0 0 0 0 0 0 0 0 0 0;
gamnum 0 16 0 0 0 0 0 0 0 0 0 0 0 0 0 0 0 0;
mute-reverse 1 16 0 0 0 0 0 0 0 0 0 0 0 0 0 0 0 0;
FX-patternMAX 4 0;
FX echo1 vol 0 16 0 0 0 0 0 0 0 0 0 0 0 0 0 0 0 0;
FX echo1 filtre 0 16 0 0 0 0 0 0 0 0 0 0 0 0 0 0 0 0;
FX echo1 feed 0 16 0 0 0 0 0 0 0 0 0 0 0 0 0 0 0 0;
FX echo1 time 0 16 0 0 0 0 0 0 0 0 0 0 0 0 0 0 0 0;
FX rev1 tone 0 16 0 0 0 0 0 0 0 0 0 0 0 0 0 0 0 0;
FX rev1 time 0.3 16 0 0 0 0 0 0 0 0 0 0 0 0 0 0 0 0;
FX rev1 vol 0 16 0 0 0 0 0 0 0 0 0 0 0 0 0 0 0 0;
FX ortho1 mode 0 16 0 0 0 0 0 0 0 0 0 0 0 0 0 0 0 0;
FX ortho1 db -0.00505051 16 0 0 0 0 0 0 0 0 0 0 0 0 0 0 0 0;
FX ortho1 q 0.1 16 0 0 0 0 0 0 0 0 0 0 0 0 0 0 0 0;
FX ortho1 f 0 16 0 0 0 0 0 0 0 0 0 0 0 0 0 0 0 0;
FX disto1 disto 0 16 0 0 0 0 0 0 0 0 0 0 0 0 0 0 0 0;
FX disto1 vol 0 16 0 0 0 0 0 0 0 0 0 0 0 0 0 0 0 0;
FX env2f 0.713434 16 1 0.545455 0.750808 0.161616 0.575758 0 0 0 0
0 0 0 0 0 0 0;
FX f 0.378081 16 0.323232 0.222222 0.412727 0.313131 0.171717 0 0 0
0 0 0 0 0 0 0 0;
FX r 0.31404 16 1 0 0.383838 0 0.292929 0 0 0 0 0 0 0 0 0 0 0;
FX a 0.0565657 16 0 0 0.0691919 0.010101 0.010101 0 0 0 0 0 0 0 0 0
0 0;
FX volnoise 0.0358586 16 0.0909091 0.040404 0.0348485 0.0606061 0 0
0 0 0 0 0 0 0 0 0 0;
FX cheb1 coef4 0 16 0 0 0 0 0 0 0 0 0 0 0 0 0 0 0 0;
FX cheb1 coef3 0 16 0 0 0 0 0 0 0 0 0 0 0 0 0 0 0 0;
FX cheb1 coef2 0 16 0 0 0 0 0 0 0 0 0 0 0 0 0 0 0 0;
FX cheb1 coef1 0 16 0 0 0 0 0 0 0 0 0 0 0 0 0 0 0 0;
FX cheb1 vol 0 16 0 0 0 0 0 0 0 0 0 0 0 0 0 0 0 0;
Reverb 0 0;
Reverb 0 0;
Phrases 1 0;
Phrases 1 0;
Vitesse 0.47101 0;
Vitesse 0.47101 0;
Volume 1 0;
Volume 1 0;
-lv- 0 0;
lv 0 0;
-lr- 0 0;
lr 0 0;
-lR- 0 0;
lR 0 0;
-l4- 1 0;
l4 1 0;
-l3- 1 0;
l3 1 0;
-l2- 1 0;
l2 0 0;
-l1- 1 0;
l1 1 0;
-tL- 0 0;
Lock 0 0;
-t4- 0 0;
1/4 1 0;
-t3- 0 0;
1/3 1 0;
-t2- 0 0;
1/2 0 0;
-t1- 0 0;
1/1 1 0;
Decay 1 0;
Effet 0.454545 0;
