BG-alpha 1 16 1 1 1 1 0 0 0 0 0 0 0 0 0 0 0 0;
BG-B 1 16 1 1 1 1 0 0 0 0 0 0 0 0 0 0 0 0;
BG-V 1 16 1 1 1 1 0 0 0 0 0 0 0 0 0 0 0 0;
BG-R 1 16 1 1 1 0 0 0 0 0 0 0 0 0 0 0 0 0;
BG-mediaNumber 50 16 1 1 50 50 0 0 0 0 0 0 0 0 0 0 0 0;
BG-mediaType 1 16 1 0 1 1 0 0 0 0 0 0 0 0 0 0 0 0;
24-pos 24 16 24 24 24 24 0 0 0 0 0 0 0 0 0 0 0 0;
24-shape 0 16 0 0 0 0 0 0 0 0 0 0 0 0 0 0 0 0;
24-rot 0 16 0 0 0 0 0 0 0 0 0 0 0 0 0 0 0 0;
24-zoom 0 16 0 0 0 0 0 0 0 0 0 0 0 0 0 0 0 0;
24-scale 1 16 1 1 1 1 0 0 0 0 0 0 0 0 0 0 0 0;
24-alpha 1 16 1 1 1 1 0 0 0 0 0 0 0 0 0 0 0 0;
24-B 1 16 1 1 1 0 0 0 0 0 0 0 0 0 0 0 0 0;
24-V 1 16 1 1 1 0 0 0 0 0 0 0 0 0 0 0 0 0;
24-R 1 16 1 1 1 1 0 0 0 0 0 0 0 0 0 0 0 0;
24-mediaNumber 2 16 2 1 2 1 0 0 0 0 0 0 0 0 0 0 0 0;
24-mediaType 1 16 1 0 1 0 0 0 0 0 0 0 0 0 0 0 0 0;
23-pos 23 16 23 23 23 23 0 0 0 0 0 0 0 0 0 0 0 0;
23-shape 0 16 0 0 0 0 0 0 0 0 0 0 0 0 0 0 0 0;
23-rot 0 16 0 0 0 0 0 0 0 0 0 0 0 0 0 0 0 0;
23-zoom 0 16 0 0 0 0 0 0 0 0 0 0 0 0 0 0 0 0;
23-scale 1 16 1 1 1 1 0 0 0 0 0 0 0 0 0 0 0 0;
23-alpha 1 16 1 1 1 1 0 0 0 0 0 0 0 0 0 0 0 0;
23-B 1 16 1 1 1 0 0 0 0 0 0 0 0 0 0 0 0 0;
23-V 1 16 1 1 1 0 0 0 0 0 0 0 0 0 0 0 0 0;
23-R 1 16 1 1 1 1 0 0 0 0 0 0 0 0 0 0 0 0;
23-mediaNumber 2 16 2 1 2 1 0 0 0 0 0 0 0 0 0 0 0 0;
23-mediaType 1 16 1 0 1 0 0 0 0 0 0 0 0 0 0 0 0 0;
22-pos 22 16 22 22 22 22 0 0 0 0 0 0 0 0 0 0 0 0;
22-shape 0 16 0 0 0 0 0 0 0 0 0 0 0 0 0 0 0 0;
22-rot 0 16 0 0 0 0 0 0 0 0 0 0 0 0 0 0 0 0;
22-zoom 0 16 0 0 0 0 0 0 0 0 0 0 0 0 0 0 0 0;
22-scale 1 16 1 1 1 1 0 0 0 0 0 0 0 0 0 0 0 0;
22-alpha 1 16 1 1 1 1 0 0 0 0 0 0 0 0 0 0 0 0;
22-B 1 16 1 1 1 0 0 0 0 0 0 0 0 0 0 0 0 0;
22-V 1 16 1 1 1 0 0 0 0 0 0 0 0 0 0 0 0 0;
22-R 1 16 1 1 1 1 0 0 0 0 0 0 0 0 0 0 0 0;
22-mediaNumber 2 16 2 1 2 1 0 0 0 0 0 0 0 0 0 0 0 0;
22-mediaType 1 16 1 0 1 0 0 0 0 0 0 0 0 0 0 0 0 0;
21-pos 21 16 21 21 21 21 0 0 0 0 0 0 0 0 0 0 0 0;
21-shape 0 16 0 0 0 0 0 0 0 0 0 0 0 0 0 0 0 0;
21-rot 0 16 0 0 0 0 0 0 0 0 0 0 0 0 0 0 0 0;
21-zoom 0 16 0 0 0 0 0 0 0 0 0 0 0 0 0 0 0 0;
21-scale 1 16 1 1 1 1 0 0 0 0 0 0 0 0 0 0 0 0;
21-alpha 1 16 1 1 1 1 0 0 0 0 0 0 0 0 0 0 0 0;
21-B 1 16 1 1 1 0 0 0 0 0 0 0 0 0 0 0 0 0;
21-V 1 16 1 1 1 0 0 0 0 0 0 0 0 0 0 0 0 0;
21-R 1 16 1 1 1 1 0 0 0 0 0 0 0 0 0 0 0 0;
21-mediaNumber 2 16 2 1 2 1 0 0 0 0 0 0 0 0 0 0 0 0;
21-mediaType 1 16 1 0 1 0 0 0 0 0 0 0 0 0 0 0 0 0;
20-pos 20 16 20 20 20 20 0 0 0 0 0 0 0 0 0 0 0 0;
20-shape 0 16 0 0 0 0 0 0 0 0 0 0 0 0 0 0 0 0;
20-rot 0 16 0 0 0 0 0 0 0 0 0 0 0 0 0 0 0 0;
20-zoom 0 16 0 0 0 0 0 0 0 0 0 0 0 0 0 0 0 0;
20-scale 1 16 1 1 1 1 0 0 0 0 0 0 0 0 0 0 0 0;
20-alpha 1 16 1 1 1 1 0 0 0 0 0 0 0 0 0 0 0 0;
20-B 1 16 1 1 1 0 0 0 0 0 0 0 0 0 0 0 0 0;
20-V 1 16 1 1 1 0 0 0 0 0 0 0 0 0 0 0 0 0;
20-R 1 16 1 1 1 1 0 0 0 0 0 0 0 0 0 0 0 0;
20-mediaNumber 2 16 2 1 2 1 0 0 0 0 0 0 0 0 0 0 0 0;
20-mediaType 1 16 1 0 1 0 0 0 0 0 0 0 0 0 0 0 0 0;
19-pos 19 16 19 19 19 19 0 0 0 0 0 0 0 0 0 0 0 0;
19-shape 0 16 0 0 0 0 0 0 0 0 0 0 0 0 0 0 0 0;
19-rot 0 16 0 0 0 0 0 0 0 0 0 0 0 0 0 0 0 0;
19-zoom 0 16 0 0 0 0 0 0 0 0 0 0 0 0 0 0 0 0;
19-scale 1 16 1 1 1 1 0 0 0 0 0 0 0 0 0 0 0 0;
19-alpha 1 16 1 1 1 1 0 0 0 0 0 0 0 0 0 0 0 0;
19-B 1 16 1 1 1 0 0 0 0 0 0 0 0 0 0 0 0 0;
19-V 1 16 1 1 1 0 0 0 0 0 0 0 0 0 0 0 0 0;
19-R 1 16 1 1 1 1 0 0 0 0 0 0 0 0 0 0 0 0;
19-mediaNumber 2 16 2 1 2 1 0 0 0 0 0 0 0 0 0 0 0 0;
19-mediaType 1 16 1 0 1 0 0 0 0 0 0 0 0 0 0 0 0 0;
18-pos 18 16 18 18 18 18 0 0 0 0 0 0 0 0 0 0 0 0;
18-shape 0 16 0 0 0 0 0 0 0 0 0 0 0 0 0 0 0 0;
18-rot 0 16 0 0 0 0 0 0 0 0 0 0 0 0 0 0 0 0;
18-zoom 0 16 0 0 0 0 0 0 0 0 0 0 0 0 0 0 0 0;
18-scale 1 16 1 1 1 1 0 0 0 0 0 0 0 0 0 0 0 0;
18-alpha 1 16 1 1 1 1 0 0 0 0 0 0 0 0 0 0 0 0;
18-B 1 16 1 1 1 0 0 0 0 0 0 0 0 0 0 0 0 0;
18-V 1 16 1 1 1 0 0 0 0 0 0 0 0 0 0 0 0 0;
18-R 1 16 1 1 1 1 0 0 0 0 0 0 0 0 0 0 0 0;
18-mediaNumber 2 16 2 1 2 1 0 0 0 0 0 0 0 0 0 0 0 0;
18-mediaType 1 16 1 0 1 0 0 0 0 0 0 0 0 0 0 0 0 0;
17-pos 17 16 17 17 17 17 0 0 0 0 0 0 0 0 0 0 0 0;
17-shape 0 16 0 0 0 0 0 0 0 0 0 0 0 0 0 0 0 0;
17-rot 0 16 0 0 0 0 0 0 0 0 0 0 0 0 0 0 0 0;
17-zoom 0 16 0 0 0 0 0 0 0 0 0 0 0 0 0 0 0 0;
17-scale 1 16 1 1 1 1 0 0 0 0 0 0 0 0 0 0 0 0;
17-alpha 1 16 1 1 1 1 0 0 0 0 0 0 0 0 0 0 0 0;
17-B 1 16 1 1 1 0 0 0 0 0 0 0 0 0 0 0 0 0;
17-V 1 16 1 1 1 0 0 0 0 0 0 0 0 0 0 0 0 0;
17-R 1 16 1 1 1 1 0 0 0 0 0 0 0 0 0 0 0 0;
17-mediaNumber 2 16 2 1 2 1 0 0 0 0 0 0 0 0 0 0 0 0;
17-mediaType 1 16 1 0 1 0 0 0 0 0 0 0 0 0 0 0 0 0;
16-pos 16 16 16 16 16 16 0 0 0 0 0 0 0 0 0 0 0 0;
16-shape 0 16 0 0 0 0 0 0 0 0 0 0 0 0 0 0 0 0;
16-rot 0 16 0 0 0 0 0 0 0 0 0 0 0 0 0 0 0 0;
16-zoom 0 16 0 0 0 0 0 0 0 0 0 0 0 0 0 0 0 0;
16-scale 1 16 1 1 1 1 0 0 0 0 0 0 0 0 0 0 0 0;
16-alpha 1 16 1 1 1 1 0 0 0 0 0 0 0 0 0 0 0 0;
16-B 1 16 1 1 1 0 0 0 0 0 0 0 0 0 0 0 0 0;
16-V 1 16 1 1 1 0 0 0 0 0 0 0 0 0 0 0 0 0;
16-R 1 16 1 1 1 1 0 0 0 0 0 0 0 0 0 0 0 0;
16-mediaNumber 2 16 2 1 2 1 0 0 0 0 0 0 0 0 0 0 0 0;
16-mediaType 1 16 1 0 1 0 0 0 0 0 0 0 0 0 0 0 0 0;
15-pos 15 16 15 15 15 15 0 0 0 0 0 0 0 0 0 0 0 0;
15-shape 0 16 0 0 0 0 0 0 0 0 0 0 0 0 0 0 0 0;
15-rot 0 16 0 0 0 0 0 0 0 0 0 0 0 0 0 0 0 0;
15-zoom 0 16 0 0 0 0 0 0 0 0 0 0 0 0 0 0 0 0;
15-scale 1 16 1 1 1 1 0 0 0 0 0 0 0 0 0 0 0 0;
15-alpha 1 16 1 1 1 1 0 0 0 0 0 0 0 0 0 0 0 0;
15-B 1 16 1 1 1 0 0 0 0 0 0 0 0 0 0 0 0 0;
15-V 1 16 1 1 1 0 0 0 0 0 0 0 0 0 0 0 0 0;
15-R 1 16 1 1 1 1 0 0 0 0 0 0 0 0 0 0 0 0;
15-mediaNumber 2 16 2 1 2 1 0 0 0 0 0 0 0 0 0 0 0 0;
15-mediaType 1 16 1 0 1 0 0 0 0 0 0 0 0 0 0 0 0 0;
14-pos 14 16 14 14 14 14 0 0 0 0 0 0 0 0 0 0 0 0;
14-shape 0 16 0 0 0 0 0 0 0 0 0 0 0 0 0 0 0 0;
14-rot 0 16 0 0 0 0 0 0 0 0 0 0 0 0 0 0 0 0;
14-zoom 0 16 0 0 0 0 0 0 0 0 0 0 0 0 0 0 0 0;
14-scale 1 16 1 1 1 1 0 0 0 0 0 0 0 0 0 0 0 0;
14-alpha 1 16 1 1 1 1 0 0 0 0 0 0 0 0 0 0 0 0;
14-B 1 16 1 1 1 0 0 0 0 0 0 0 0 0 0 0 0 0;
14-V 1 16 1 1 1 0 0 0 0 0 0 0 0 0 0 0 0 0;
14-R 1 16 1 1 1 1 0 0 0 0 0 0 0 0 0 0 0 0;
14-mediaNumber 2 16 2 1 2 1 0 0 0 0 0 0 0 0 0 0 0 0;
14-mediaType 1 16 1 0 1 0 0 0 0 0 0 0 0 0 0 0 0 0;
13-pos 13 16 13 13 13 13 0 0 0 0 0 0 0 0 0 0 0 0;
13-shape 0 16 0 0 0 0 0 0 0 0 0 0 0 0 0 0 0 0;
13-rot 0 16 0 0 0 0 0 0 0 0 0 0 0 0 0 0 0 0;
13-zoom 0 16 0 0 0 0 0 0 0 0 0 0 0 0 0 0 0 0;
13-scale 1 16 1 1 1 1 0 0 0 0 0 0 0 0 0 0 0 0;
13-alpha 1 16 1 1 1 1 0 0 0 0 0 0 0 0 0 0 0 0;
13-B 1 16 1 1 1 0 0 0 0 0 0 0 0 0 0 0 0 0;
13-V 1 16 1 1 1 0 0 0 0 0 0 0 0 0 0 0 0 0;
13-R 1 16 1 1 1 1 0 0 0 0 0 0 0 0 0 0 0 0;
13-mediaNumber 2 16 2 1 2 1 0 0 0 0 0 0 0 0 0 0 0 0;
13-mediaType 1 16 1 0 1 0 0 0 0 0 0 0 0 0 0 0 0 0;
12-pos 12 16 12 12 12 12 0 0 0 0 0 0 0 0 0 0 0 0;
12-shape 0 16 0 0 0 0 0 0 0 0 0 0 0 0 0 0 0 0;
12-rot 0 16 0 0 0 0 0 0 0 0 0 0 0 0 0 0 0 0;
12-zoom 0 16 0 0 0 0 0 0 0 0 0 0 0 0 0 0 0 0;
12-scale 1 16 1 1 1 1 0 0 0 0 0 0 0 0 0 0 0 0;
12-alpha 1 16 1 1 1 1 0 0 0 0 0 0 0 0 0 0 0 0;
12-B 1 16 1 1 1 0 0 0 0 0 0 0 0 0 0 0 0 0;
12-V 1 16 1 1 1 0 0 0 0 0 0 0 0 0 0 0 0 0;
12-R 1 16 1 1 1 1 0 0 0 0 0 0 0 0 0 0 0 0;
12-mediaNumber 2 16 2 1 2 1 0 0 0 0 0 0 0 0 0 0 0 0;
12-mediaType 1 16 1 0 1 0 0 0 0 0 0 0 0 0 0 0 0 0;
11-pos 11 16 11 11 11 11 0 0 0 0 0 0 0 0 0 0 0 0;
11-shape 0 16 0 0 0 0 0 0 0 0 0 0 0 0 0 0 0 0;
11-rot 0 16 0 0 0 0 0 0 0 0 0 0 0 0 0 0 0 0;
11-zoom 0 16 0 0 0 0 0 0 0 0 0 0 0 0 0 0 0 0;
11-scale 1 16 1 1 1 1 0 0 0 0 0 0 0 0 0 0 0 0;
11-alpha 1 16 1 1 1 1 0 0 0 0 0 0 0 0 0 0 0 0;
11-B 1 16 1 1 1 0 0 0 0 0 0 0 0 0 0 0 0 0;
11-V 1 16 1 1 1 0 0 0 0 0 0 0 0 0 0 0 0 0;
11-R 1 16 1 1 1 1 0 0 0 0 0 0 0 0 0 0 0 0;
11-mediaNumber 2 16 2 1 2 1 0 0 0 0 0 0 0 0 0 0 0 0;
11-mediaType 1 16 1 0 1 0 0 0 0 0 0 0 0 0 0 0 0 0;
10-pos 10 16 10 10 10 10 0 0 0 0 0 0 0 0 0 0 0 0;
10-shape 0 16 0 0 0 0 0 0 0 0 0 0 0 0 0 0 0 0;
10-rot 0 16 0 0 0 0 0 0 0 0 0 0 0 0 0 0 0 0;
10-zoom 0 16 0 0 0 0 0 0 0 0 0 0 0 0 0 0 0 0;
10-scale 1 16 1 1 1 1 0 0 0 0 0 0 0 0 0 0 0 0;
10-alpha 1 16 1 1 1 1 0 0 0 0 0 0 0 0 0 0 0 0;
10-B 1 16 1 1 1 0 0 0 0 0 0 0 0 0 0 0 0 0;
10-V 1 16 1 1 1 0 0 0 0 0 0 0 0 0 0 0 0 0;
10-R 1 16 1 1 1 1 0 0 0 0 0 0 0 0 0 0 0 0;
10-mediaNumber 2 16 2 1 2 1 0 0 0 0 0 0 0 0 0 0 0 0;
10-mediaType 1 16 1 0 1 0 0 0 0 0 0 0 0 0 0 0 0 0;
9-pos 9 16 9 9 9 9 0 0 0 0 0 0 0 0 0 0 0 0;
9-shape 0 16 0 0 0 0 0 0 0 0 0 0 0 0 0 0 0 0;
9-rot 0 16 0 0 0 0 0 0 0 0 0 0 0 0 0 0 0 0;
9-zoom 0 16 0 0 0 0 0 0 0 0 0 0 0 0 0 0 0 0;
9-scale 1 16 1 1 1 1 0 0 0 0 0 0 0 0 0 0 0 0;
9-alpha 1 16 1 1 1 1 0 0 0 0 0 0 0 0 0 0 0 0;
9-B 1 16 1 1 1 0 0 0 0 0 0 0 0 0 0 0 0 0;
9-V 1 16 1 1 1 0 0 0 0 0 0 0 0 0 0 0 0 0;
9-R 1 16 1 1 1 1 0 0 0 0 0 0 0 0 0 0 0 0;
9-mediaNumber 2 16 2 1 2 1 0 0 0 0 0 0 0 0 0 0 0 0;
9-mediaType 1 16 1 0 1 0 0 0 0 0 0 0 0 0 0 0 0 0;
8-pos 8 16 8 8 8 8 0 0 0 0 0 0 0 0 0 0 0 0;
8-shape 0 16 0 0 0 0 0 0 0 0 0 0 0 0 0 0 0 0;
8-rot 0 16 0 0 0 0 0 0 0 0 0 0 0 0 0 0 0 0;
8-zoom 0 16 0 0 0 0 0 0 0 0 0 0 0 0 0 0 0 0;
8-scale 1 16 1 1 1 1 0 0 0 0 0 0 0 0 0 0 0 0;
8-alpha 1 16 1 1 1 1 0 0 0 0 0 0 0 0 0 0 0 0;
8-B 1 16 1 1 1 0 0 0 0 0 0 0 0 0 0 0 0 0;
8-V 1 16 1 1 1 0 0 0 0 0 0 0 0 0 0 0 0 0;
8-R 1 16 1 1 1 1 0 0 0 0 0 0 0 0 0 0 0 0;
8-mediaNumber 2 16 2 1 2 1 0 0 0 0 0 0 0 0 0 0 0 0;
8-mediaType 1 16 1 0 1 0 0 0 0 0 0 0 0 0 0 0 0 0;
7-pos 7 16 7 7 7 7 0 0 0 0 0 0 0 0 0 0 0 0;
7-shape 0 16 0 0 0 0 0 0 0 0 0 0 0 0 0 0 0 0;
7-rot 0 16 0 0 0 0 0 0 0 0 0 0 0 0 0 0 0 0;
7-zoom 0 16 0 0 0 0 0 0 0 0 0 0 0 0 0 0 0 0;
7-scale 1 16 1 1 1 1 0 0 0 0 0 0 0 0 0 0 0 0;
7-alpha 1 16 1 1 1 1 0 0 0 0 0 0 0 0 0 0 0 0;
7-B 1 16 1 1 1 0 0 0 0 0 0 0 0 0 0 0 0 0;
7-V 1 16 1 1 1 0 0 0 0 0 0 0 0 0 0 0 0 0;
7-R 1 16 1 1 1 1 0 0 0 0 0 0 0 0 0 0 0 0;
7-mediaNumber 2 16 2 1 2 1 0 0 0 0 0 0 0 0 0 0 0 0;
7-mediaType 1 16 1 0 1 0 0 0 0 0 0 0 0 0 0 0 0 0;
6-pos 6 16 6 6 6 6 0 0 0 0 0 0 0 0 0 0 0 0;
6-shape 0 16 0 0 0 0 0 0 0 0 0 0 0 0 0 0 0 0;
6-rot 0 16 0 0 0 0 0 0 0 0 0 0 0 0 0 0 0 0;
6-zoom 0 16 0 0 0 0 0 0 0 0 0 0 0 0 0 0 0 0;
6-scale 1 16 1 1 1 1 0 0 0 0 0 0 0 0 0 0 0 0;
6-alpha 1 16 1 1 1 1 0 0 0 0 0 0 0 0 0 0 0 0;
6-B 1 16 1 1 1 0 0 0 0 0 0 0 0 0 0 0 0 0;
6-V 1 16 1 1 1 0 0 0 0 0 0 0 0 0 0 0 0 0;
6-R 1 16 1 1 1 1 0 0 0 0 0 0 0 0 0 0 0 0;
6-mediaNumber 2 16 2 1 2 1 0 0 0 0 0 0 0 0 0 0 0 0;
6-mediaType 1 16 1 0 1 0 0 0 0 0 0 0 0 0 0 0 0 0;
5-pos 5 16 5 5 5 5 0 0 0 0 0 0 0 0 0 0 0 0;
5-shape 0 16 0 0 0 0 0 0 0 0 0 0 0 0 0 0 0 0;
5-rot 0 16 0 0 0 0 0 0 0 0 0 0 0 0 0 0 0 0;
5-zoom 0 16 0 0 0 0 0 0 0 0 0 0 0 0 0 0 0 0;
5-scale 1 16 1 1 1 1 0 0 0 0 0 0 0 0 0 0 0 0;
5-alpha 1 16 1 1 1 1 0 0 0 0 0 0 0 0 0 0 0 0;
5-B 1 16 1 1 1 0 0 0 0 0 0 0 0 0 0 0 0 0;
5-V 1 16 1 1 1 0 0 0 0 0 0 0 0 0 0 0 0 0;
5-R 1 16 1 1 1 1 0 0 0 0 0 0 0 0 0 0 0 0;
5-mediaNumber 2 16 2 1 2 1 0 0 0 0 0 0 0 0 0 0 0 0;
5-mediaType 1 16 1 0 1 0 0 0 0 0 0 0 0 0 0 0 0 0;
4-pos 4 16 4 4 4 4 0 0 0 0 0 0 0 0 0 0 0 0;
4-shape 0 16 0 0 0 0 0 0 0 0 0 0 0 0 0 0 0 0;
4-rot 0 16 0 0 0 0 0 0 0 0 0 0 0 0 0 0 0 0;
4-zoom 0 16 0 0 0 0 0 0 0 0 0 0 0 0 0 0 0 0;
4-scale 1 16 1 1 1 1 0 0 0 0 0 0 0 0 0 0 0 0;
4-alpha 1 16 1 1 1 1 0 0 0 0 0 0 0 0 0 0 0 0;
4-B 1 16 1 1 1 0 0 0 0 0 0 0 0 0 0 0 0 0;
4-V 1 16 1 1 1 0 0 0 0 0 0 0 0 0 0 0 0 0;
4-R 1 16 1 1 1 1 0 0 0 0 0 0 0 0 0 0 0 0;
4-mediaNumber 2 16 2 1 2 1 0 0 0 0 0 0 0 0 0 0 0 0;
4-mediaType 1 16 1 0 1 0 0 0 0 0 0 0 0 0 0 0 0 0;
3-pos 3 16 3 3 3 3 0 0 0 0 0 0 0 0 0 0 0 0;
3-shape 0 16 0 0 0 0 0 0 0 0 0 0 0 0 0 0 0 0;
3-rot 0 16 0 0 0 0 0 0 0 0 0 0 0 0 0 0 0 0;
3-zoom 0 16 0 0 0 0 0 0 0 0 0 0 0 0 0 0 0 0;
3-scale 1 16 1 1 1 1 0 0 0 0 0 0 0 0 0 0 0 0;
3-alpha 1 16 1 1 1 1 0 0 0 0 0 0 0 0 0 0 0 0;
3-B 1 16 1 1 1 0 0 0 0 0 0 0 0 0 0 0 0 0;
3-V 1 16 1 1 1 0 0 0 0 0 0 0 0 0 0 0 0 0;
3-R 1 16 1 1 1 1 0 0 0 0 0 0 0 0 0 0 0 0;
3-mediaNumber 2 16 2 1 2 1 0 0 0 0 0 0 0 0 0 0 0 0;
3-mediaType 1 16 1 0 1 0 0 0 0 0 0 0 0 0 0 0 0 0;
2-pos 2 16 2 2 2 2 0 0 0 0 0 0 0 0 0 0 0 0;
2-shape 0 16 0 0 0 0 0 0 0 0 0 0 0 0 0 0 0 0;
2-rot 0 16 0 0 0 0 0 0 0 0 0 0 0 0 0 0 0 0;
2-zoom 0 16 0 0 0 0 0 0 0 0 0 0 0 0 0 0 0 0;
2-scale 1 16 1 1 1 1 0 0 0 0 0 0 0 0 0 0 0 0;
2-alpha 1 16 1 1 1 1 0 0 0 0 0 0 0 0 0 0 0 0;
2-B 1 16 1 1 1 0 0 0 0 0 0 0 0 0 0 0 0 0;
2-V 1 16 1 1 1 0 0 0 0 0 0 0 0 0 0 0 0 0;
2-R 1 16 1 1 1 1 0 0 0 0 0 0 0 0 0 0 0 0;
2-mediaNumber 2 16 2 1 2 1 0 0 0 0 0 0 0 0 0 0 0 0;
2-mediaType 1 16 1 0 1 0 0 0 0 0 0 0 0 0 0 0 0 0;
1-pos 1 16 1 1 1 1 0 0 0 0 0 0 0 0 0 0 0 0;
1-shape 0 16 0 0 0 0 0 0 0 0 0 0 0 0 0 0 0 0;
1-rot 0 16 0 0 0 0 0 0 0 0 0 0 0 0 0 0 0 0;
1-zoom 0 16 0 0 0 0 0 0 0 0 0 0 0 0 0 0 0 0;
1-scale 1 16 1 1 1 1 0 0 0 0 0 0 0 0 0 0 0 0;
1-alpha 1 16 1 1 1 1 0 0 0 0 0 0 0 0 0 0 0 0;
1-B 1 16 1 1 1 0 0 0 0 0 0 0 0 0 0 0 0 0;
1-V 1 16 1 1 1 0 0 0 0 0 0 0 0 0 0 0 0 0;
1-R 1 16 1 1 1 1 0 0 0 0 0 0 0 0 0 0 0 0;
1-mediaNumber 2 16 2 1 2 1 0 0 0 0 0 0 0 0 0 0 0 0;
1-mediaType 1 16 1 0 1 0 0 0 0 0 0 0 0 0 0 0 0 0;
