PVJ-PosSc 100 0 0.165049 0.154795 0.164439 0.159678 0.169993 0.166941
0.172862 0.16334 0.169899 0.166941 0.17213 0.17213 0.169993 0.155954
0.160288 0.165965 0.163584 0.162058 0.166331 0.161814 0.268754 0.317036
0.141414 0.159091 0 0 0 0 0 0 0 0 0 0 0 0 0 0 0 0 0 0 0 0 0 0 0 0 0
0 0 0 0 0 0 0 0 0 0 0 0 0 0 0 0 0 0 0 0 0 0 0 0 0 0 0 0 0 0 0 0 0 0
0 0 0 0 0 0 0 0 0 0 0 0 0 0 0 0.242424 0;
PVJ-PosRZ 100 0 0 0 0 0.141414 0 0 0 0 0 0 0 0 0 0 0 0 0 0 0 0 0 0
0 0 0 0 0 0 0 0 0 0 0 0 0 0 0 0 0 0 0 0 0 0 0 0 0 0 0 0 0 0 0 0 0 0
0 0 0 0 0 0 0 0 0 0 0 0 0 0 0 0 0 0 0 0 0 0 0 0 0 0 0 0 0 0 0 0 0 0
0 0 0 0 0 0 0 0 0 0;
PVJ-PosRY 100 0 0.482879 0.426357 0.242424 0.0707071 1 0.00787402 0.53995
0.848563 0.919192 0 0.30303 0.464646 0.474747 0.69697 0.511994 0.459928
0.470121 0.500702 0.442898 0.508942 0.536532 0.533785 0.454545 1 0
0 0 0 0 0 0 0 0 0 0 0 0 0 0 0 0 0 0 0 0 0 0 0 0 0 0 0 0 0 0 0 0 0 0
0 0 0 0 0 0 0 0 0 0 0 0 0 0 0 0 0 0 0 0 0 0 0 0 0 0 0 0 0 0 0 0 0 0
0 0 0 0 0 0.0606061 0;
PVJ-PosRX 100 0 0.806202 0.991516 0.969697 0.989899 0.923335 0.878044
0.995666 1 1 0.928951 1 1 1 1 0.872673 0.85662 0.842703 0.85485 0.774889
0.774889 0.852225 0.698041 1 1 0 0 0 0 0 0 0 0 0 0 0 0 0 0 0 0 0 0
0 0 0 0 0 0 0 0 0 0 0 0 0 0 0 0 0 0 0 0 0 0 0 0 0 0 0 0 0 0 0 0 0 0
0 0 0 0 0 0 0 0 0 0 0 0 0 0 0 0 0 0 0 0 0 0 0.262626 0;
PVJ-PosY 100 0.0909091 0.58695 0.189892 0.722212 0.439907 0.530123
0.227858 0.721358 0.418849 0.528169 0.186169 0.720564 0.411707 0.595068
0.193798 0.706525 0.423366 0.597998 0.178234 0.586217 0.296954 0.638467
0.610267 0.787172 0.232323 0 0 0 0 0 0 0 0 0 0 0 0 0 0 0 0 0 0 0 0
0 0 0 0 0 0 0 0 0 0 0 0 0 0 0 0 0 0 0 0 0 0 0 0 0 0 0 0 0 0 0 0 0 0
0 0 0 0 0 0 0 0 0 0 0 0 0 0 0 0 0 0 0 0 0.363636 0;
PVJ-PosX 100 0.430606 0.141366 0.155832 0.220839 0.209974 0.282427
0.282427 0.391625 0.370323 0.465727 0.457059 0.530001 0.556614 0.617164
0.612525 0.718183 0.712934 0.779894 0.759568 0.843435 0.819874 0.0485869
0.917536 0.964242 0.958081 0 0 0 0 0 0 0 0 0 0 0 0 0 0 0 0 0 0 0 0
0 0 0 0 0 0 0 0 0 0 0 0 0 0 0 0 0 0 0 0 0 0 0 0 0 0 0 0 0 0 0 0 0 0
0 0 0 0 0 0 0 0 0 0 0 0 0 0 0 0 0 0 0 0 0.414141 0;
