RotY 0.727273 0;
RotY 0.727273 0;
X 0.430606 0;
X 0.430606 0;
Paste 0 0;
-- 0 0;
-- 0 0;
-- 0 0;
- 0 0;
- 0 0;
+ 0 0;
+ 0 0;
Copy 0 0;
Store 0 0;
RotX 0.30303 0;
RotX 0.30303 0;
Scale 0.353535 0;
Scale 0.353535 0;
Y 0.0909091 0;
Y 0.0909091 0;
gamnum 0 16 0 0 0 0 0 0 0 0 0 0 0 0 0 0 0 0;
mute-reverse 1 16 0 0 0 0 0 0 0 0 0 0 0 0 0 0 0 0;
FX-patternMAX 4 0;
FX A 0.181818 16 0.181818 0.767677 0 0 0 0 0 0 0 0 0 0 0 0 0 0;
FX B 0.363636 16 0.363636 0.141414 0 0 0 0 0 0 0 0 0 0 0 0 0 0;
FX V 0.393939 16 0.393939 0.717172 0 0 0 0 0 0 0 0 0 0 0 0 0 0;
FX R 0.50505 16 0.50505 0.242424 0 0 0 0 0 0 0 0 0 0 0 0 0 0;
-lv- 0 0;
lv 0 0;
-lr- 0 0;
lr 0 0;
-lR- 0 0;
lR 0 0;
-l4- 1 0;
l4 0 0;
-l3- 1 0;
l3 0 0;
-l2- 1 0;
l2 0 0;
-l1- 1 0;
l1 0 0;
